Helium;He;Dans ce niveau, il vous faudra créer l'Hélium qui sera votre premier gaz noble. Celui-ci comporte deux protons et deux neutrons ainsi que deux électrons négatifs sur la couche K.;0;99;-32;108;5;1700;[0, 0, 0, 0, 0, 0, 0, 2, 0, 0, 0, 2, 2];[0, 0, 0, 0, 0, 0, 0, 0, 0, 0, 0, 0, 0];0;0;0;0;300;99999;99999;99999
0;0;0;0;0;0;0;0;0;0;0;0;0;0;0;0;0;0;0;0
0;0;0;0;0;0;0;0;0;0;0;0;0;0;0;0;0;0;0;0
0;0;0;0;0;0;0;0;0;0;0;0;0;0;0;0;0;0;0;0
0;0;0;0;0;0;0;0;0;0;0;0;0;0;0;0;0;0;0;0
0;0;0;0;0;0;0;0;0;0;0;0;0;0;0;0;0;0;0;0
0;0;0;0;0;0;0;0;0;0;0;0;0;0;0;0;0;0;0;0
0;0;0;0;0;0;0;0;0;1;0;0;0;0;0;0;0;0;0;0
0;0;0;0;0;0;0;0;0;0;0;0;0;0;0;0;0;0;0;0
0;0;0;0;0;0;0;0;0;0;0;0;0;0;0;0;0;0;0;0
0;0;0;0;0;0;0;0;0;0;0;0;0;0;0;0;0;0;0;0
0;0;0;0;0;0;0;0;0;0;0;0;0;0;0;0;0;0;0;0
0;0;0;0;0;0;0;0;0;0;0;0;0;0;0;0;0;0;0;0
0;0;0;0;0;0;0;0;0;0;0;0;0;0;0;0;0;0;0;0
0;0;0;0;0;0;0;0;0;0;0;0;0;0;0;0;0;0;0;0
0;0;0;0;0;0;0;0;0;0;0;0;0;0;0;0;0;0;0;0
0;0;0;0;0;0;0;0;0;0;0;0;0;0;0;0;0;0;0;0
0;0;0;0;0;0;0;0;0;0;0;0;0;0;0;0;0;0;0;0
0;0;0;0;0;0;0;0;0;0;0;0;0;0;0;0;0;0;0;0
0;0;0;0;0;0;0;0;0;0;0;0;0;0;0;0;0;0;0;0
0;0;0;0;0;0;0;0;0;196620;0;0;0;0;0;0;0;0;0;0
0;0;0;0;0;0;0;0;0;0;0;0;0;0;0;0;0;0;0;0
0;0;0;0;0;0;0;0;0;0;0;0;0;0;0;0;0;0;0;0
0;0;0;0;0;0;0;0;0;0;0;0;0;0;0;0;0;0;0;0
0;0;0;0;0;0;0;0;0;0;0;0;0;0;0;0;0;0;0;0
0;0;0;0;0;0;0;0;0;0;0;0;0;0;0;0;0;0;0;0
0;0;0;0;0;0;0;0;0;0;0;0;0;0;0;0;0;0;0;0